Original starting list to sift through
[1, 5, 9, 13]
[1, 5, 9, 10, 14, 13]
[1, 5, 9, 10, 6, 2, 3, 7, 11, 15, 14, 13]
[1, 5, 9, 10, 6, 2, 3, 7, 11, 12, 16, 15, 14, 13]
[1, 5, 9, 10, 6, 2, 3, 7, 8, 12, 16, 15, 14, 13]
[1, 5, 9, 10, 6, 2, 3, 7, 8, 12, 11, 15, 14, 13]
[1, 5, 9, 10, 6, 2, 3, 4, 8, 12, 16, 15, 14, 13]
[1, 5, 9, 10, 6, 2, 3, 4, 8, 12, 11, 15, 14, 13]
[1, 5, 9, 10, 6, 2, 3, 4, 8, 7, 11, 15, 14, 13]
[1, 5, 9, 10, 6, 2, 3, 4, 8, 7, 11, 12, 16, 15, 14, 13]
[1, 5, 9, 10, 6, 7, 11, 15, 14, 13]
[1, 5, 9, 10, 6, 7, 11, 12, 16, 15, 14, 13]
[1, 5, 9, 10, 6, 7, 3, 4, 8, 12, 16, 15, 14, 13]
[1, 5, 9, 10, 6, 7, 3, 4, 8, 12, 11, 15, 14, 13]
[1, 5, 9, 10, 6, 7, 8, 12, 16, 15, 14, 13]
[1, 5, 9, 10, 6, 7, 8, 12, 11, 15, 14, 13]
[1, 5, 9, 10, 11, 15, 14, 13]
[1, 5, 9, 10, 11, 7, 3, 4, 8, 12, 16, 15, 14, 13]
[1, 5, 9, 10, 11, 7, 6, 2, 3, 4, 8, 12, 16, 15, 14, 13]
[1, 5, 9, 10, 11, 7, 8, 12, 16, 15, 14, 13]
[1, 5, 9, 10, 11, 12, 16, 15, 14, 13]
[1, 5, 6, 10, 14, 13]
[1, 5, 6, 10, 11, 15, 14, 13]
[1, 5, 6, 10, 11, 7, 3, 4, 8, 12, 16, 15, 14, 13]
[1, 5, 6, 10, 11, 7, 8, 12, 16, 15, 14, 13]
[1, 5, 6, 10, 11, 12, 16, 15, 14, 13]
[1, 2, 6, 10, 14, 13]
[1, 2, 6, 10, 9, 13]
[1, 2, 6, 10, 11, 15, 14, 13]
[1, 2, 6, 10, 11, 7, 3, 4, 8, 12, 16, 15, 14, 13]
[1, 2, 6, 10, 11, 7, 8, 12, 16, 15, 14, 13]
[1, 2, 6, 10, 11, 12, 16, 15, 14, 13]
[1, 2, 6, 7, 11, 15, 14, 13]
[1, 2, 6, 7, 11, 10, 14, 13]
[1, 2, 6, 7, 11, 10, 9, 13]
[1, 2, 6, 7, 11, 12, 16, 15, 14, 13]
[1, 2, 6, 7, 3, 4, 8, 12, 16, 15, 14, 13]
[1, 2, 6, 7, 3, 4, 8, 12, 11, 15, 14, 13]
[1, 2, 6, 7, 3, 4, 8, 12, 11, 10, 14, 13]
[1, 2, 6, 7, 3, 4, 8, 12, 11, 10, 9, 13]
[1, 2, 6, 7, 8, 12, 16, 15, 14, 13]
[1, 2, 6, 7, 8, 12, 11, 15, 14, 13]
[1, 2, 6, 7, 8, 12, 11, 10, 14, 13]
[1, 2, 6, 7, 8, 12, 11, 10, 9, 13]
[1, 2, 3, 7, 11, 15, 14, 13]
[1, 2, 3, 7, 11, 10, 14, 13]
[1, 2, 3, 7, 11, 10, 9, 13]
[1, 2, 3, 7, 11, 12, 16, 15, 14, 13]
[1, 2, 3, 7, 6, 10, 14, 13]
[1, 2, 3, 7, 6, 10, 9, 13]
[1, 2, 3, 7, 6, 10, 11, 15, 14, 13]
[1, 2, 3, 7, 6, 10, 11, 12, 16, 15, 14, 13]
[1, 2, 3, 7, 6, 5, 9, 13]
[1, 2, 3, 7, 6, 5, 9, 10, 14, 13]
[1, 2, 3, 7, 6, 5, 9, 10, 11, 15, 14, 13]
[1, 2, 3, 7, 6, 5, 9, 10, 11, 12, 16, 15, 14, 13]
[1, 2, 3, 7, 8, 12, 16, 15, 14, 13]
[1, 2, 3, 7, 8, 12, 11, 15, 14, 13]
[1, 2, 3, 7, 8, 12, 11, 10, 14, 13]
[1, 2, 3, 7, 8, 12, 11, 10, 9, 13]
[1, 2, 3, 4, 8, 12, 16, 15, 14, 10, 11, 7, 6, 5, 9, 13]
[1, 2, 3, 4, 8, 12, 16, 15, 14, 13]
[1, 2, 3, 4, 8, 12, 11, 15, 14, 13]
[1, 2, 3, 4, 8, 12, 11, 10, 14, 13]
[1, 2, 3, 4, 8, 12, 11, 10, 9, 13]
[1, 2, 3, 4, 8, 7, 11, 15, 14, 13]
[1, 2, 3, 4, 8, 7, 11, 10, 14, 13]
[1, 2, 3, 4, 8, 7, 11, 10, 9, 13]
[1, 2, 3, 4, 8, 7, 11, 12, 16, 15, 14, 13]
[1, 2, 3, 4, 8, 7, 6, 10, 14, 13]
[1, 2, 3, 4, 8, 7, 6, 10, 9, 13]
[1, 2, 3, 4, 8, 7, 6, 10, 11, 15, 14, 13]
[1, 2, 3, 4, 8, 7, 6, 10, 11, 12, 16, 15, 14, 13]
[1, 2, 3, 4, 8, 7, 6, 5, 9, 13]
[1, 2, 3, 4, 8, 7, 6, 5, 9, 10, 14, 13]
[1, 2, 3, 4, 8, 7, 6, 5, 9, 10, 11, 15, 14, 13]
[1, 2, 3, 4, 8, 7, 6, 5, 9, 10, 11, 12, 16, 15, 14, 13]

New List to sift through...